,hole,rank,par,yard,average,dif,eagle,birdie,par,bogie,dbl_bogie,other
0,18.0,1.0,4.0,430.0,4.7,0.7,0.0,2.0,36.0,29.0,8.0,5.0
1,1.0,2.0,4.0,430.0,4.64,0.64,0.0,4.0,40.0,24.0,9.0,3.0
2,10.0,3.0,4.0,428.0,4.56,0.56,0.0,5.0,42.0,18.0,8.0,7.0
3,16.0,4.0,3.0,175.0,3.48,0.48,0.0,9.0,45.0,16.0,8.0,2.0
4,7.0,5.0,4.0,445.0,4.47,0.47,0.0,7.0,43.0,24.0,4.0,2.0
5,6.0,6.0,3.0,190.0,3.41,0.41,0.0,4.0,44.0,26.0,5.0,1.0
6,5.0,7.0,4.0,335.0,4.38,0.38,0.0,9.0,40.0,24.0,4.0,3.0
7,12.0,8.0,5.0,520.0,5.33,0.33,0.0,18.0,36.0,15.0,9.0,2.0
8,11.0,9.0,3.0,140.0,3.3,0.3,0.0,6.0,56.0,14.0,2.0,2.0
9,15.0,10.0,4.0,450.0,4.3,0.3,0.0,12.0,49.0,13.0,3.0,3.0
10,3.0,11.0,3.0,170.0,3.27,0.27,0.0,6.0,56.0,14.0,3.0,1.0
11,8.0,12.0,4.0,363.0,4.22,0.22,0.0,5.0,57.0,14.0,2.0,2.0
12,4.0,13.0,4.0,454.0,4.21,0.21,0.0,5.0,39.0,27.0,6.0,3.0
13,13.0,14.0,4.0,375.0,4.18,0.18,0.0,11.0,50.0,14.0,3.0,2.0
14,2.0,15.0,5.0,555.0,5.14,0.14,0.0,13.0,45.0,16.0,5.0,1.0
15,9.0,16.0,5.0,525.0,5.08,0.08,0.0,20.0,40.0,13.0,5.0,2.0
16,14.0,17.0,4.0,289.0,4.01,0.01,2.0,30.0,36.0,7.0,3.0,2.0
17,17.0,18.0,5.0,517.0,4.88,-0.12,3.0,27.0,36.0,8.0,5.0,1.0
18,18.0,1.0,4.0,430.0,4.7,0.7,0.0,4.0,42.0,24.0,5.0,5.0
19,1.0,2.0,4.0,430.0,4.64,0.64,0.0,4.0,38.0,27.0,5.0,6.0
20,10.0,3.0,4.0,428.0,4.56,0.56,0.0,7.0,43.0,19.0,8.0,3.0
21,16.0,4.0,3.0,175.0,3.48,0.48,0.0,5.0,43.0,17.0,11.0,4.0
22,7.0,5.0,4.0,445.0,4.47,0.47,0.0,8.0,34.0,28.0,8.0,2.0
23,6.0,6.0,3.0,190.0,3.41,0.41,0.0,5.0,46.0,24.0,4.0,1.0
24,5.0,7.0,4.0,335.0,4.38,0.38,0.0,6.0,45.0,24.0,5.0,0.0
25,12.0,8.0,5.0,520.0,5.33,0.33,1.0,15.0,37.0,15.0,7.0,5.0
26,11.0,9.0,3.0,140.0,3.3,0.3,0.0,7.0,44.0,23.0,4.0,2.0
27,15.0,10.0,4.0,450.0,4.3,0.3,0.0,3.0,56.0,15.0,5.0,1.0
28,3.0,11.0,3.0,170.0,3.27,0.27,0.0,3.0,53.0,21.0,3.0,0.0
29,8.0,12.0,4.0,363.0,4.22,0.22,0.0,8.0,53.0,14.0,5.0,0.0
30,4.0,13.0,4.0,305.0,4.21,0.21,1.0,26.0,41.0,9.0,1.0,2.0
31,13.0,14.0,4.0,338.0,4.18,0.18,0.0,11.0,52.0,12.0,3.0,2.0
32,2.0,15.0,5.0,555.0,5.14,0.14,0.0,18.0,42.0,16.0,3.0,1.0
33,9.0,16.0,5.0,525.0,5.08,0.08,1.0,24.0,36.0,14.0,2.0,3.0
34,14.0,17.0,4.0,415.0,4.01,0.01,0.0,16.0,39.0,22.0,2.0,1.0
35,17.0,18.0,5.0,477.0,4.88,-0.12,0.0,22.0,45.0,11.0,2.0,0.0
36,18.0,1.0,4.0,430.0,4.83,0.83,0.0,2.0,36.0,29.0,8.0,5.0
37,1.0,2.0,4.0,430.0,4.64,0.64,0.0,4.0,40.0,24.0,9.0,3.0
38,10.0,3.0,4.0,428.0,4.63,0.63,0.0,5.0,42.0,18.0,8.0,7.0
39,4.0,4.0,4.0,454.0,4.54,0.54,0.0,5.0,39.0,27.0,6.0,3.0
40,6.0,5.0,3.0,190.0,3.44,0.44,0.0,4.0,44.0,26.0,5.0,1.0
41,7.0,6.0,4.0,445.0,4.41,0.41,0.0,7.0,43.0,24.0,4.0,2.0
42,5.0,7.0,4.0,335.0,4.4,0.4,0.0,9.0,40.0,24.0,4.0,3.0
43,16.0,8.0,3.0,175.0,3.36,0.36,0.0,9.0,45.0,16.0,8.0,2.0
44,15.0,9.0,4.0,450.0,4.29,0.29,0.0,12.0,49.0,13.0,3.0,3.0
45,12.0,10.0,5.0,520.0,5.28,0.28,0.0,18.0,36.0,15.0,9.0,2.0
46,3.0,11.0,3.0,170.0,3.25,0.25,0.0,6.0,56.0,14.0,3.0,1.0
47,8.0,12.0,4.0,363.0,4.25,0.25,0.0,5.0,57.0,14.0,2.0,2.0
48,11.0,13.0,3.0,140.0,3.23,0.23,0.0,6.0,56.0,14.0,2.0,2.0
49,2.0,14.0,5.0,555.0,5.2,0.2,0.0,13.0,45.0,16.0,5.0,1.0
50,13.0,15.0,4.0,375.0,4.19,0.19,0.0,11.0,50.0,14.0,3.0,2.0
51,9.0,16.0,5.0,525.0,5.11,0.11,0.0,20.0,40.0,13.0,5.0,2.0
52,14.0,17.0,4.0,289.0,3.85,-0.15,2.0,30.0,36.0,7.0,3.0,2.0
53,17.0,18.0,5.0,517.0,4.85,-0.15,3.0,27.0,36.0,8.0,5.0,1.0
54,1.0,1.0,4.0,430.0,4.65,0.65,0.0,4.0,38.0,27.0,5.0,6.0
55,16.0,2.0,3.0,175.0,3.59,0.59,0.0,5.0,43.0,17.0,11.0,4.0
56,18.0,3.0,4.0,430.0,4.58,0.58,0.0,4.0,42.0,24.0,5.0,5.0
57,7.0,4.0,4.0,445.0,4.54,0.54,0.0,8.0,34.0,28.0,8.0,2.0
58,10.0,5.0,4.0,428.0,4.5,0.5,0.0,7.0,43.0,19.0,8.0,3.0
59,6.0,6.0,3.0,190.0,3.39,0.39,0.0,5.0,46.0,24.0,4.0,1.0
60,12.0,7.0,5.0,520.0,5.39,0.39,1.0,15.0,37.0,15.0,7.0,5.0
61,11.0,8.0,3.0,140.0,3.38,0.38,0.0,7.0,44.0,23.0,4.0,2.0
62,5.0,9.0,4.0,335.0,4.35,0.35,0.0,6.0,45.0,24.0,5.0,0.0
63,15.0,10.0,4.0,450.0,4.31,0.31,0.0,3.0,56.0,15.0,5.0,1.0
64,3.0,11.0,3.0,170.0,3.3,0.3,0.0,3.0,53.0,21.0,3.0,0.0
65,8.0,12.0,4.0,363.0,4.2,0.2,0.0,8.0,53.0,14.0,5.0,0.0
66,13.0,13.0,4.0,338.0,4.17,0.17,0.0,11.0,52.0,12.0,3.0,2.0
67,14.0,14.0,4.0,415.0,4.16,0.16,0.0,16.0,39.0,22.0,2.0,1.0
68,2.0,15.0,5.0,555.0,5.09,0.09,0.0,18.0,42.0,16.0,3.0,1.0
69,9.0,16.0,5.0,525.0,5.04,0.04,1.0,24.0,36.0,14.0,2.0,3.0
70,17.0,17.0,5.0,477.0,4.91,-0.09,0.0,22.0,45.0,11.0,2.0,0.0
71,4.0,18.0,4.0,305.0,3.88,-0.12,1.0,26.0,41.0,9.0,1.0,2.0
