,hole,rank,par,yard,average,dif,eagle,birdie,par,bogie,dbl_bogie,other
36,18.0,1.0,4.0,430.0,4.83,0.83,0.0,2.0,36.0,29.0,8.0,5.0
37,1.0,2.0,4.0,430.0,4.64,0.64,0.0,4.0,40.0,24.0,9.0,3.0
38,10.0,3.0,4.0,428.0,4.63,0.63,0.0,5.0,42.0,18.0,8.0,7.0
39,4.0,4.0,4.0,454.0,4.54,0.54,0.0,5.0,39.0,27.0,6.0,3.0
40,6.0,5.0,3.0,190.0,3.44,0.44,0.0,4.0,44.0,26.0,5.0,1.0
41,7.0,6.0,4.0,445.0,4.41,0.41,0.0,7.0,43.0,24.0,4.0,2.0
42,5.0,7.0,4.0,335.0,4.4,0.4,0.0,9.0,40.0,24.0,4.0,3.0
43,16.0,8.0,3.0,175.0,3.36,0.36,0.0,9.0,45.0,16.0,8.0,2.0
44,15.0,9.0,4.0,450.0,4.29,0.29,0.0,12.0,49.0,13.0,3.0,3.0
45,12.0,10.0,5.0,520.0,5.28,0.28,0.0,18.0,36.0,15.0,9.0,2.0
46,3.0,11.0,3.0,170.0,3.25,0.25,0.0,6.0,56.0,14.0,3.0,1.0
47,8.0,12.0,4.0,363.0,4.25,0.25,0.0,5.0,57.0,14.0,2.0,2.0
48,11.0,13.0,3.0,140.0,3.23,0.23,0.0,6.0,56.0,14.0,2.0,2.0
49,2.0,14.0,5.0,555.0,5.2,0.2,0.0,13.0,45.0,16.0,5.0,1.0
50,13.0,15.0,4.0,375.0,4.19,0.19,0.0,11.0,50.0,14.0,3.0,2.0
51,9.0,16.0,5.0,525.0,5.11,0.11,0.0,20.0,40.0,13.0,5.0,2.0
52,14.0,17.0,4.0,289.0,3.85,-0.15,2.0,30.0,36.0,7.0,3.0,2.0
53,17.0,18.0,5.0,517.0,4.85,-0.15,3.0,27.0,36.0,8.0,5.0,1.0
