,hole,rank,par,yard,average,dif,eagle,birdie,par,bogie,dbl_bogie,other
54,1.0,1.0,4.0,430.0,4.65,0.65,0.0,4.0,38.0,27.0,5.0,6.0
55,16.0,2.0,3.0,175.0,3.59,0.59,0.0,5.0,43.0,17.0,11.0,4.0
56,18.0,3.0,4.0,430.0,4.58,0.58,0.0,4.0,42.0,24.0,5.0,5.0
57,7.0,4.0,4.0,445.0,4.54,0.54,0.0,8.0,34.0,28.0,8.0,2.0
58,10.0,5.0,4.0,428.0,4.5,0.5,0.0,7.0,43.0,19.0,8.0,3.0
59,6.0,6.0,3.0,190.0,3.39,0.39,0.0,5.0,46.0,24.0,4.0,1.0
60,12.0,7.0,5.0,520.0,5.39,0.39,1.0,15.0,37.0,15.0,7.0,5.0
61,11.0,8.0,3.0,140.0,3.38,0.38,0.0,7.0,44.0,23.0,4.0,2.0
62,5.0,9.0,4.0,335.0,4.35,0.35,0.0,6.0,45.0,24.0,5.0,0.0
63,15.0,10.0,4.0,450.0,4.31,0.31,0.0,3.0,56.0,15.0,5.0,1.0
64,3.0,11.0,3.0,170.0,3.3,0.3,0.0,3.0,53.0,21.0,3.0,0.0
65,8.0,12.0,4.0,363.0,4.2,0.2,0.0,8.0,53.0,14.0,5.0,0.0
66,13.0,13.0,4.0,338.0,4.17,0.17,0.0,11.0,52.0,12.0,3.0,2.0
67,14.0,14.0,4.0,415.0,4.16,0.16,0.0,16.0,39.0,22.0,2.0,1.0
68,2.0,15.0,5.0,555.0,5.09,0.09,0.0,18.0,42.0,16.0,3.0,1.0
69,9.0,16.0,5.0,525.0,5.04,0.04,1.0,24.0,36.0,14.0,2.0,3.0
70,17.0,17.0,5.0,477.0,4.91,-0.09,0.0,22.0,45.0,11.0,2.0,0.0
71,4.0,18.0,4.0,305.0,3.88,-0.12,1.0,26.0,41.0,9.0,1.0,2.0
