,hole,rank,par,yard,average,dif,eagle,birdie,par,bogie,dbl_bogie,other
0,18.0,1.0,4.0,430.0,4.7,0.7,0.0,2.0,36.0,29.0,8.0,5.0
1,1.0,2.0,4.0,430.0,4.64,0.64,0.0,4.0,40.0,24.0,9.0,3.0
2,10.0,3.0,4.0,428.0,4.56,0.56,0.0,5.0,42.0,18.0,8.0,7.0
3,16.0,4.0,3.0,175.0,3.48,0.48,0.0,9.0,45.0,16.0,8.0,2.0
4,7.0,5.0,4.0,445.0,4.47,0.47,0.0,7.0,43.0,24.0,4.0,2.0
5,6.0,6.0,3.0,190.0,3.41,0.41,0.0,4.0,44.0,26.0,5.0,1.0
6,5.0,7.0,4.0,335.0,4.38,0.38,0.0,9.0,40.0,24.0,4.0,3.0
7,12.0,8.0,5.0,520.0,5.33,0.33,0.0,18.0,36.0,15.0,9.0,2.0
8,11.0,9.0,3.0,140.0,3.3,0.3,0.0,6.0,56.0,14.0,2.0,2.0
9,15.0,10.0,4.0,450.0,4.3,0.3,0.0,12.0,49.0,13.0,3.0,3.0
10,3.0,11.0,3.0,170.0,3.27,0.27,0.0,6.0,56.0,14.0,3.0,1.0
11,8.0,12.0,4.0,363.0,4.22,0.22,0.0,5.0,57.0,14.0,2.0,2.0
12,4.0,13.0,4.0,454.0,4.21,0.21,0.0,5.0,39.0,27.0,6.0,3.0
13,13.0,14.0,4.0,375.0,4.18,0.18,0.0,11.0,50.0,14.0,3.0,2.0
14,2.0,15.0,5.0,555.0,5.14,0.14,0.0,13.0,45.0,16.0,5.0,1.0
15,9.0,16.0,5.0,525.0,5.08,0.08,0.0,20.0,40.0,13.0,5.0,2.0
16,14.0,17.0,4.0,289.0,4.01,0.01,2.0,30.0,36.0,7.0,3.0,2.0
17,17.0,18.0,5.0,517.0,4.88,-0.12,3.0,27.0,36.0,8.0,5.0,1.0
