,hole,rank,par,yard,average,dif,eagle,birdie,par,bogie,dbl_bogie,other
18,18.0,1.0,4.0,430.0,4.7,0.7,0.0,4.0,42.0,24.0,5.0,5.0
19,1.0,2.0,4.0,430.0,4.64,0.64,0.0,4.0,38.0,27.0,5.0,6.0
20,10.0,3.0,4.0,428.0,4.56,0.56,0.0,7.0,43.0,19.0,8.0,3.0
21,16.0,4.0,3.0,175.0,3.48,0.48,0.0,5.0,43.0,17.0,11.0,4.0
22,7.0,5.0,4.0,445.0,4.47,0.47,0.0,8.0,34.0,28.0,8.0,2.0
23,6.0,6.0,3.0,190.0,3.41,0.41,0.0,5.0,46.0,24.0,4.0,1.0
24,5.0,7.0,4.0,335.0,4.38,0.38,0.0,6.0,45.0,24.0,5.0,0.0
25,12.0,8.0,5.0,520.0,5.33,0.33,1.0,15.0,37.0,15.0,7.0,5.0
26,11.0,9.0,3.0,140.0,3.3,0.3,0.0,7.0,44.0,23.0,4.0,2.0
27,15.0,10.0,4.0,450.0,4.3,0.3,0.0,3.0,56.0,15.0,5.0,1.0
28,3.0,11.0,3.0,170.0,3.27,0.27,0.0,3.0,53.0,21.0,3.0,0.0
29,8.0,12.0,4.0,363.0,4.22,0.22,0.0,8.0,53.0,14.0,5.0,0.0
30,4.0,13.0,4.0,305.0,4.21,0.21,1.0,26.0,41.0,9.0,1.0,2.0
31,13.0,14.0,4.0,338.0,4.18,0.18,0.0,11.0,52.0,12.0,3.0,2.0
32,2.0,15.0,5.0,555.0,5.14,0.14,0.0,18.0,42.0,16.0,3.0,1.0
33,9.0,16.0,5.0,525.0,5.08,0.08,1.0,24.0,36.0,14.0,2.0,3.0
34,14.0,17.0,4.0,415.0,4.01,0.01,0.0,16.0,39.0,22.0,2.0,1.0
35,17.0,18.0,5.0,477.0,4.88,-0.12,0.0,22.0,45.0,11.0,2.0,0.0
